# OTC - 2026-10-02
1,1815,富喬,9619
2,6182,合晶,9562
3,3105,穩懋,8240
4,3707,漢磊,8046
5,5483,中美晶,6321
6,5309,系統電,4024
7,5425,台半,3625
8,6173,信昌電,1969
9,5351,鈺創,1650
10,6199,天品,1507
11,3162,精確,1262
12,5347,世界,1232
13,6548,長科*,1229
14,2061,風青,1185
15,8111,立碁,1099
16,6016,康和證,1023
17,4991,環宇-KY,1013
18,6509,聚和,822
19,5498,凱崴,737
20,6187,萬潤,734
21,8086,宏捷科,724
22,8358,金居,651
23,1569,濱川,647
24,8096,擎亞,647
25,5443,均豪,632
26,6122,擎邦,618
27,5340,建榮,611
28,4707,磐亞,603
29,5864,致和證,589
30,3339,泰谷,586
31,6015,宏遠證,559
32,5475,德宏,522
33,3114,好德,516
34,6266,泰詠,512
35,6179,亞通,508
36,4533,協易機,507
37,3354,律勝,483
38,4714,永捷,464
39,5009,榮剛,464
40,6217,中探針,463
41,3163,波若威,444
42,1785,光洋科,437
43,4716,大立,402
44,6292,迅德,353
45,2221,大甲,349
46,3685,元創精密,338
47,5381,光譜,331
48,8936,國統,328
49,3372,典範,325
50,3141,晶宏,318
51,3374,精材,281
52,3265,台星科,279
53,6279,胡連,275
54,4556,旭然,273
55,6026,福邦證,269
56,3323,加百裕,263
57,3211,順達,258
58,4908,前鼎,251
59,5426,振發,251
60,6174,安碁,243
61,4128,中天,237
62,4510,高鋒,235
63,4743,合一,235
64,8155,博智,227
65,8255,朋程,220
66,5439,高技,212
67,6727,亞泰金屬,211
68,3630,新鉅科,206
69,4971,IET-KY,195
70,6156,松上,189
71,6234,高僑,187
72,3289,宜特,179
73,3131,弘塑,176
74,3691,碩禾,176
75,3483,力致,175
76,6664,群翊,170
77,5227,立凱-KY,169
78,6223,旺矽,165
79,8109,博大,164
80,3360,尚立,156
81,3689,湧德,155
82,6259,百徽,146
83,2641,正德,145
84,4577,達航科技,145
85,6275,元山,144
86,6190,萬泰科,140
87,4416,三圓,138
88,4909,新復興,137
89,5452,佶優,135
90,6146,耕興,134
91,3564,其陽,131
92,4721,美琪瑪,131
93,3484,崧騰,129
94,3287,廣寰科,128
95,5230,雷笛克光學,128
96,5299,杰力,128
97,4760,勤凱,127
98,4167,松瑞藥,126
99,6788,華景電,125
100,6642,富致,124
101,6127,九豪,-3875
102,6603,富強鑫,-3282
103,5314,世紀*,-3254
104,3264,欣銓,-3143
105,8069,元太,-2986
106,5328,華容,-2668
107,3490,單井,-2358
108,6207,雷科,-2265
109,6147,頎邦,-2168
110,3624,光頡,-2147
111,3221,台嘉碩,-1497
112,6547,高端疫苗,-1373
113,5904,寶雅*,-1332
114,4923,力士,-1108
115,3260,威剛,-1081
116,6175,立敦,-958
117,8182,加高,-860
118,3234,光環,-795
119,3324,雙鴻,-761
120,3441,聯一光,-752
121,6274,台燿,-747
122,4174,浩鼎,-725
123,3551,世禾,-657
124,8027,鈦昇,-638
125,3615,安可,-580
126,4939,亞電,-577
127,3498,陽程,-575
128,8121,越峰,-533
129,6488,環球晶,-530
130,5536,聖暉*,-497
131,4903,聯光通,-459
132,8299,群聯,-436
133,3455,由田,-390
134,6284,佳邦,-370
135,3081,聯亞,-364
136,8240,華宏,-362
137,6485,點序,-340
138,6290,良維,-331
139,6875,國邑*,-330
140,8043,蜜望實,-328
141,6683,雍智科技,-306
142,4123,晟德,-304
143,8932,智通*,-302
144,4157,太景*-KY,-300
145,6265,方土昶,-283
146,8436,大江,-280
147,3537,堡達,-277
148,5228,鈺鎧,-269
149,8064,東捷,-262
150,8050,廣積,-256
