# TSE - 2026-10-06
1,00631L,元大台灣50正2   ,24313
2,2313,華通            ,21981
3,1326,台化            ,13567
4,1303,南亞            ,11567
5,2891,中信金          ,11295
6,2605,新興            ,10503
7,00918,大華優利高填息30,9587
8,6239,力成            ,8594
9,2885,元大金          ,8277
10,8150,南茂            ,8244
11,2886,兆豐金          ,7610
12,6257,矽格            ,7204
13,1802,台玻            ,6778
14,2883,凱基金          ,6456
15,2884,玉山金          ,6133
16,00632R,元大台灣50反1   ,5963
17,2890,永豐金          ,5828
18,00900,富邦特選高股息30,5658
19,2609,陽明            ,5303
20,00940,元大台灣價值高息,4520
21,1301,台塑            ,4508
22,00881,國泰台灣科技龍頭,4398
23,1314,中石化          ,4139
24,4927,泰鼎-KY         ,3975
25,4906,正文            ,3771
26,2887,台新新光金      ,3747
27,2892,第一金          ,3718
28,2880,華南金          ,3294
29,2412,中華電          ,3063
30,6213,聯茂            ,3034
31,1409,新纖            ,3019
32,00919,群益台灣精選高息,2646
33,1605,華新            ,2614
34,2382,廣達            ,2602
35,1504,東元            ,2537
36,6456,GIS-KY          ,2411
37,1711,永光            ,2392
38,2368,金像電          ,2391
39,2436,偉詮電          ,2122
40,6278,台表科          ,2048
41,1717,長興            ,2018
42,2492,華新科          ,1945
43,2399,映泰            ,1943
44,6505,台塑化          ,1930
45,1102,亞泥            ,1905
46,00713,元大台灣高息低波,1722
47,1312,國喬            ,1681
48,3094,聯傑            ,1661
49,2034,允強            ,1631
50,1714,和桐            ,1630
51,2882,國泰金          ,1546
52,1609,大亞            ,1509
53,5521,工信            ,1469
54,2881,富邦金          ,1446
55,1402,遠東新          ,1428
56,00939,統一台灣高息動能,1419
57,6285,啟碁            ,1401
58,3016,嘉晶            ,1376
59,00882,中信中國高股息  ,1320
60,4956,光鋐            ,1301
61,2383,台光電          ,1218
62,2371,大同            ,1208
63,3005,神基            ,1189
64,3044,健鼎            ,1188
65,2308,台達電          ,1180
66,4919,新唐            ,1165
67,2385,群光            ,1110
68,2603,長榮            ,1056
69,1904,正隆            ,1054
70,2332,友訊            ,1017
71,3037,欣興            ,1015
72,1216,統一            ,1014
73,2342,茂矽            ,978
74,1477,聚陽            ,974
75,4938,和碩            ,958
76,2401,凌陽            ,939
77,2606,裕民            ,928
78,9945,潤泰新          ,921
79,2236,百達-KY         ,919
80,2441,超豐            ,897
81,2889,國票金          ,896
82,3661,世芯-KY         ,885
83,2489,瑞軒            ,864
84,00929,復華台灣科技優息,840
85,4960,誠美材          ,837
86,5876,上海商銀        ,788
87,3035,智原            ,780
88,2637,慧洋-KY         ,775
89,6153,嘉聯益          ,761
90,2369,菱生            ,759
91,4142,國光生          ,726
92,8046,南電            ,718
93,2476,鉅祥            ,708
94,2347,聯強            ,697
95,6271,同欣電          ,684
96,1513,中興電          ,660
97,2329,華泰            ,648
98,5469,瀚宇博          ,643
99,2855,統一證          ,641
100,3045,台灣大          ,638
101,2409,友達            ,-93620
102,2303,聯電            ,-57475
103,00712,復華富時不動產  ,-36688
104,2317,鴻海            ,-20729
105,00953B,群益優選非投等債,-19739
106,0056,元大高股息      ,-18050
107,6770,力積電          ,-16605
108,0050,元大台灣50      ,-16594
109,6116,彩晶            ,-9976
110,2485,兆赫            ,-9165
111,3481,群創            ,-8728
112,2481,強茂            ,-6989
113,2426,鼎元            ,-6700
114,00878,國泰永續高股息  ,-6362
115,3231,緯創            ,-4980
116,2367,燿華            ,-4871
117,2454,聯發科          ,-4743
118,1727,中華化          ,-4719
119,2834,臺企銀          ,-3927
120,2344,華邦電          ,-3829
121,2305,全友            ,-3746
122,6005,群益證          ,-3205
123,2610,華航            ,-3154
124,2614,東森            ,-3142
125,2449,京元電子        ,-2929
126,2455,全新            ,-2897
127,4989,榮科            ,-2889
128,2324,仁寶            ,-2830
129,3006,晶豪科          ,-2800
130,5871,中租-KY         ,-2732
131,2354,鴻準            ,-2665
132,8039,台虹            ,-2572
133,2327,國巨*           ,-2465
134,2312,金寶            ,-2459
135,3031,佰鴻            ,-2298
136,3673,TPK-KY          ,-2169
137,2601,益航            ,-2013
138,8261,富鼎            ,-1870
139,3149,正達            ,-1838
140,3450,聯鈞            ,-1789
141,2353,宏碁            ,-1743
142,00922,國泰台灣領袖50  ,-1666
143,2633,台灣高鐵        ,-1659
144,3209,全科            ,-1538
145,2464,盟立            ,-1512
146,2451,創見            ,-1499
147,6901,鑽石投資        ,-1481
148,6443,元晶            ,-1443
149,2340,台亞            ,-1439
150,1721,國慶科技        ,-1397
